4 0.085176 0.508681 0.076723 0.547454
4 0.128088 0.530671 0.036411 0.21412
4 0.01528 0.442708 0.029259 0.207176
4 0.166125 0.451389 0.039662 0.180556
4 0.208062 0.352431 0.052016 0.274306
4 0.246099 0.493056 0.121586 0.608796
4 0.299415 0.521412 0.161899 0.869213
4 0.385241 0.510995 0.037061 0.288194
4 0.41775 0.503472 0.039662 0.293981
4 0.455137 0.555556 0.102731 0.439815
4 0.535436 0.595486 0.039662 0.21412
4 0.574122 0.480324 0.042913 0.263889
4 0.626463 0.484954 0.042263 0.275463
4 0.663199 0.428241 0.03251 0.201389
4 0.653771 0.545718 0.085176 0.290509
4 0.697984 0.526042 0.053966 0.41088
4 0.726918 0.530671 0.052016 0.480324
4 0.770481 0.479745 0.061118 0.459491
4 0.868661 0.536458 0.196359 0.927083
