0 0.02375 0.492509 0.0425 0.078652
0 0.09 0.455056 0.045 0.071161
0 0.19375 0.455056 0.0475 0.071161
0 0.28875 0.428839 0.0425 0.06367
0 0.35 0.449438 0.045 0.082397
0 0.485 0.468165 0.045 0.074906
0 0.50625 0.428839 0.0275 0.086142
0 0.615 0.440075 0.025 0.048689
0 0.69375 0.331461 0.0525 0.093633
0 0.8725 0.355805 0.06 0.089888
0 0.99375 0.38015 0.0175 0.071161
0 0.92875 0.376404 0.0475 0.078652
1 0.64 0.447566 0.035 0.071161
1 0.40625 0.494382 0.0425 0.074906
1 0.26125 0.47191 0.0475 0.082397
