0 0.085 0.267699 0.05 0.09292
0 0.17 0.323009 0.045 0.088496
0 0.35125 0.298673 0.0575 0.10177
0 0.40625 0.283186 0.0425 0.088496
0 0.4525 0.513274 0.055 0.106195
0 0.48 0.274336 0.03 0.061947
0 0.52875 0.263274 0.0275 0.084071
0 0.56125 0.276549 0.0425 0.09292
0 0.61375 0.309735 0.0375 0.079646
0 0.65125 0.347345 0.0425 0.09292
0 0.715 0.369469 0.055 0.110619
0 0.7675 0.254425 0.035 0.075221
1 0.80875 0.25885 0.0425 0.057522
0 0.8825 0.232301 0.045 0.084071
0 0.94 0.254425 0.05 0.09292
0 0.36875 0.232301 0.0375 0.066372
0 0.30125 0.230088 0.0375 0.061947
