0 0.0425 0.881633 0.065 0.114286
0 0.1275 0.785714 0.065 0.110204
2 0.16875 0.716327 0.0525 0.093878
1 0.09625 0.479592 0.0425 0.069388
0 0.085 0.355102 0.04 0.089796
0 0.0275 0.322449 0.035 0.073469
1 0.0825 0.04898 0.05 0.081633
0 0.29875 0.077551 0.0525 0.081633
0 0.26 0.271429 0.055 0.069388
0 0.265 0.497959 0.045 0.089796
0 0.375 0.926531 0.07 0.106122
0 0.51875 0.746939 0.0625 0.081633
0 0.56625 0.826531 0.0725 0.102041
0 0.49875 0.430612 0.0575 0.093878
0 0.48375 0.279592 0.0625 0.085714
0 0.49125 0.15102 0.0575 0.073469
0 0.64125 0.493878 0.0475 0.081633
0 0.66125 0.273469 0.0525 0.089796
0 0.74625 0.271429 0.0575 0.093878
0 0.9325 0.644898 0.07 0.073469
0 0.8925 0.346939 0.06 0.081633
0 0.8225 0.204082 0.045 0.073469
0 0.82 0.091837 0.045 0.061224
