0 0.11125 0.565543 0.1125 0.172285
0 0.20625 0.818352 0.1225 0.198502
0 0.3175 0.475655 0.065 0.104869
0 0.24 0.479401 0.05 0.067416
0 0.30625 0.348315 0.0475 0.074906
0 0.42 0.38015 0.045 0.093633
0 0.3825 0.346442 0.03 0.048689
0 0.48 0.501873 0.07 0.11985
0 0.62375 0.393258 0.0675 0.11985
0 0.775 0.350187 0.05 0.093633
0 0.76375 0.601124 0.0925 0.138577
0 0.86125 0.88764 0.1475 0.202247
0 0.8925 0.38015 0.04 0.071161
0 0.95375 0.456929 0.0475 0.067416
0 0.96125 0.713483 0.0825 0.213483
0 0.68875 0.421348 0.0425 0.071161
0 0.95625 0.355805 0.0375 0.044944
