0 0.02625 0.164444 0.0425 0.08
0 0.085 0.211111 0.055 0.102222
1 0.10125 0.362222 0.0525 0.093333
0 0.04875 0.857778 0.0775 0.142222
0 0.2625 0.108889 0.06 0.084444
0 0.27625 0.386667 0.0575 0.115556
2 0.16875 0.653333 0.0575 0.133333
0 0.12625 0.744444 0.0725 0.137778
0 0.37875 0.915556 0.0675 0.133333
0 0.48875 0.108889 0.0675 0.102222
0 0.50125 0.3 0.0625 0.111111
0 0.51875 0.697778 0.0575 0.097778
0 0.57 0.793333 0.075 0.128889
0 0.6625 0.106667 0.06 0.097778
0 0.6425 0.38 0.055 0.111111
0 0.75 0.106667 0.07 0.124444
0 0.82625 0.035556 0.0525 0.062222
0 0.89625 0.202222 0.0675 0.102222
0 0.9325 0.571111 0.075 0.111111
