0 0.0475 0.593023 0.085 0.122924
0 0.0875 0.428571 0.04 0.059801
0 0.12375 0.393688 0.0275 0.043189
0 0.1725 0.350498 0.025 0.0299
0 0.02375 0.362126 0.0225 0.026578
0 0.19875 0.430233 0.0375 0.043189
0 0.23625 0.362126 0.0275 0.039867
0 0.2875 0.5299 0.115 0.162791
0 0.2925 0.355482 0.025 0.026578
0 0.37875 0.368771 0.0175 0.019934
0 0.40125 0.392027 0.0275 0.033223
0 0.44375 0.45515 0.0425 0.059801
0 0.54375 0.445183 0.0625 0.086379
0 0.50875 0.401993 0.0225 0.046512
0 0.44625 0.383721 0.0175 0.023256
0 0.58625 0.353821 0.0275 0.0299
0 0.7025 0.395349 0.025 0.026578
0 0.70125 0.347176 0.0175 0.023256
0 0.7475 0.44186 0.025 0.033223
0 0.72875 0.363787 0.0175 0.016611
0 0.7775 0.400332 0.02 0.0299
0 0.82625 0.446844 0.0475 0.063123
0 0.8925 0.401993 0.025 0.033223
0 0.98875 0.461794 0.0225 0.066445
0 0.9625 0.388704 0.03 0.033223
1 0.545 0.352159 0.015 0.019934
