0 0.545 0.586142 0.1 0.153558
0 0.0325 0.447566 0.02 0.033708
0 0.12875 0.481273 0.0075 0.033708
0 0.24 0.47191 0.015 0.029963
0 0.2725 0.460674 0.02 0.029963
0 0.3775 0.479401 0.015 0.037453
1 0.34875 0.449438 0.0225 0.037453
0 0.43375 0.453184 0.0175 0.037453
0 0.495 0.458801 0.02 0.041199
0 0.655 0.468165 0.015 0.037453
0 0.6975 0.453184 0.01 0.029963
0 0.73875 0.479401 0.0125 0.029963
0 0.87375 0.337079 0.0175 0.022472
0 0.94 0.458801 0.01 0.026217
1 0.88875 0.455056 0.0175 0.033708
0 0.89125 0.398876 0.0175 0.026217
