0 0.19625 0.449115 0.0775 0.146018
1 0.3925 0.615044 0.14 0.292035
0 0.0925 0.34292 0.06 0.119469
2 0.1675 0.179204 0.045 0.10177
1 0.2225 0.331858 0.055 0.088496
0 0.28375 0.261062 0.0525 0.079646
0 0.35 0.24115 0.06 0.084071
0 0.4275 0.287611 0.05 0.079646
0 0.47375 0.358407 0.0575 0.106195
0 0.54875 0.369469 0.0675 0.084071
1 0.465 0.172566 0.035 0.070796
0 0.38125 0.099558 0.0225 0.039823
0 0.4675 0.084071 0.025 0.044248
0 0.67625 0.457965 0.0925 0.154867
0 0.13125 0.205752 0.0375 0.084071
0 0.2675 0.183628 0.045 0.066372
0 0.5775 0.059735 0.015 0.030973
0 0.79875 0.902655 0.0675 0.185841
0 0.84125 0.542035 0.0875 0.172566
0 0.82625 0.289823 0.0675 0.10177
0 0.81875 0.426991 0.0375 0.09292
0 0.77875 0.210177 0.0425 0.10177
0 0.87125 0.174779 0.0325 0.066372
