0 0.12 0.616105 0.07 0.086142
0 0.24875 0.56367 0.0575 0.093633
0 0.38375 0.825843 0.0725 0.101124
0 0.31375 0.541199 0.0475 0.071161
0 0.35875 0.419476 0.0425 0.067416
2 0.27 0.368914 0.035 0.05618
0 0.1625 0.441948 0.035 0.067416
0 0.15125 0.363296 0.0225 0.044944
0 0.21125 0.322097 0.0225 0.037453
0 0.4725 0.475655 0.065 0.089888
0 0.5325 0.395131 0.04 0.071161
0 0.76875 0.466292 0.0825 0.108614
0 0.93375 0.533708 0.0375 0.086142
0 0.62625 0.359551 0.0225 0.067416
0 0.56 0.262172 0.035 0.059925
0 0.465 0.23221 0.03 0.044944
0 0.31375 0.2603 0.0225 0.048689
0 0.095 0.340824 0.02 0.059925
0 0.075 0.284644 0.02 0.044944
0 0.1525 0.250936 0.03 0.052434
0 0.2275 0.215356 0.02 0.033708
