0 0.01125 0.355556 0.0175 0.026667
0 0.1175 0.38 0.02 0.031111
0 0.03625 0.455556 0.0375 0.066667
0 0.0975 0.544444 0.03 0.066667
0 0.20875 0.444444 0.0525 0.097778
0 0.23125 0.373333 0.0225 0.053333
0 0.26 0.344444 0.02 0.04
0 0.32625 0.36 0.0125 0.026667
0 0.30125 0.395556 0.0175 0.035556
0 0.3225 0.475556 0.035 0.071111
0 0.355 0.44 0.02 0.053333
0 0.40125 0.453333 0.0575 0.097778
0 0.455 0.631111 0.065 0.133333
2 0.44625 0.384444 0.0125 0.022222
0 0.5975 0.473333 0.025 0.066667
0 0.645 0.408889 0.02 0.044444
0 0.69 0.502222 0.035 0.071111
0 0.85 0.651111 0.16 0.306667
0 0.9425 0.744444 0.06 0.128889
