0 0.085 0.317778 0.05 0.102222
0 0.1675 0.377778 0.045 0.088889
0 0.3525 0.353333 0.055 0.111111
0 0.40625 0.328889 0.0425 0.08
0 0.45375 0.564444 0.0525 0.097778
0 0.5275 0.315556 0.03 0.08
0 0.5625 0.326667 0.045 0.093333
0 0.61375 0.36 0.0425 0.08
0 0.65125 0.395556 0.0425 0.088889
0 0.71375 0.417778 0.0575 0.106667
0 0.7675 0.304444 0.035 0.075556
1 0.80875 0.304444 0.0375 0.066667
0 0.88375 0.284444 0.0425 0.088889
0 0.94 0.306667 0.05 0.097778
0 0.3 0.282222 0.035 0.075556
0 0.4775 0.326667 0.035 0.066667
0 0.36875 0.282222 0.0375 0.066667
0 0.84 0.302222 0.025 0.053333
