0 0.04625 0.593333 0.0725 0.106667
0 0.085 0.431667 0.035 0.056667
0 0.11875 0.396667 0.0225 0.04
0 0.1975 0.431667 0.035 0.043333
0 0.235 0.365 0.025 0.043333
0 0.1725 0.351667 0.02 0.03
0 0.2875 0.533333 0.105 0.166667
0 0.40375 0.391667 0.0225 0.03
0 0.29 0.356667 0.02 0.026667
0 0.44375 0.456667 0.0375 0.053333
0 0.54375 0.446667 0.0575 0.086667
0 0.4925 0.395 0.015 0.03
0 0.44875 0.386667 0.0175 0.02
0 0.585 0.356667 0.025 0.033333
0 0.7025 0.396667 0.025 0.026667
0 0.74875 0.446667 0.0225 0.033333
0 0.82625 0.45 0.0475 0.066667
0 0.8925 0.403333 0.02 0.033333
0 0.99 0.468333 0.02 0.063333
0 0.6625 0.371667 0.01 0.016667
0 0.7025 0.346667 0.015 0.02
0 0.73125 0.365 0.0125 0.016667
0 0.7775 0.403333 0.02 0.033333
0 0.9625 0.393333 0.02 0.033333
0 0.985 0.373333 0.01 0.02
