0 0.0475 0.488479 0.02 0.046083
0 0.135 0.550691 0.035 0.069124
0 0.18375 0.529954 0.0575 0.119816
0 0.23125 0.504608 0.0325 0.069124
0 0.3225 0.679724 0.06 0.105991
0 0.04875 0.421659 0.0125 0.023041
0 0.095 0.419355 0.015 0.02765
0 0.11875 0.428571 0.0225 0.036866
0 0.14125 0.426267 0.0175 0.032258
0 0.2975 0.435484 0.025 0.050691
0 0.32125 0.453917 0.0175 0.032258
0 0.33625 0.513825 0.0275 0.041475
0 0.36 0.412442 0.015 0.032258
0 0.44375 0.476959 0.0275 0.041475
0 0.4225 0.647465 0.03 0.050691
0 0.4975 0.467742 0.02 0.059908
0 0.53875 0.502304 0.0325 0.064516
0 0.52625 0.624424 0.0425 0.133641
0 0.46625 0.37788 0.0175 0.036866
0 0.42375 0.382488 0.0225 0.036866
0 0.64375 0.506912 0.0425 0.064516
0 0.57875 0.437788 0.0225 0.036866
0 0.68 0.370968 0.015 0.032258
0 0.6675 0.331797 0.015 0.02765
0 0.78 0.695853 0.13 0.248848
0 0.9625 0.419355 0.04 0.092166
0 0.875 0.453917 0.025 0.050691
0 0.07625 0.599078 0.0175 0.036866
0 0.065 0.414747 0.015 0.02765
