0 0.2675 0.108597 0.025 0.063348
0 0.2375 0.151584 0.04 0.067873
0 0.165 0.635747 0.08 0.140271
0 0.33875 0.524887 0.0625 0.126697
0 0.42 0.31448 0.055 0.113122
0 0.4025 0.036199 0.02 0.036199
0 0.45875 0.054299 0.0175 0.045249
0 0.5575 0.08371 0.03 0.049774
0 0.54375 0.253394 0.0525 0.108597
0 0.57125 0.427602 0.0625 0.122172
0 0.65375 0.248869 0.0575 0.108597
1 0.75 0.128959 0.03 0.058824
0 0.8125 0.160633 0.035 0.076923
0 0.78875 0.049774 0.0275 0.054299
0 0.8525 0.042986 0.035 0.058824
0 0.90125 0.067873 0.0325 0.045249
