0 0.055 0.133333 0.07 0.133333
0 0.17375 0.153333 0.0825 0.137778
0 0.19125 0.417778 0.0875 0.151111
0 0.10625 0.757778 0.0775 0.137778
0 0.3175 0.464444 0.085 0.164444
0 0.29875 0.815556 0.0775 0.12
0 0.51875 0.617778 0.0875 0.177778
0 0.5325 0.904444 0.08 0.164444
0 0.60125 0.571111 0.0775 0.146667
0 0.73625 0.78 0.0775 0.164444
0 0.8475 0.322222 0.08 0.155556
0 0.97125 0.184444 0.0575 0.12
0 0.9675 0.426667 0.065 0.151111
0 0.83875 0.626667 0.0775 0.16
0 0.94625 0.713333 0.0925 0.164444
0 0.81625 0.924444 0.0875 0.151111
