0 0.11 0.589806 0.08 0.179612
0 0.07 0.271845 0.065 0.145631
0 0.13875 0.123786 0.0575 0.150485
0 0.2275 0.51699 0.065 0.169903
0 0.1675 0.412621 0.055 0.135922
0 0.335 0.599515 0.06 0.199029
0 0.275 0.93932 0.095 0.121359
0 0.43 0.902913 0.11 0.194175
0 0.4225 0.364078 0.07 0.174757
0 0.34375 0.247573 0.0625 0.145631
0 0.5475 0.383495 0.06 0.145631
0 0.58125 0.788835 0.0825 0.160194
0 0.63125 0.589806 0.0625 0.179612
0 0.6075 0.330097 0.065 0.165049
0 0.665 0.131068 0.055 0.135922
1 0.53875 0.097087 0.0475 0.097087
0 0.76875 0.42233 0.0575 0.145631
0 0.81 0.684466 0.09 0.203883
0 0.86125 0.65534 0.0575 0.15534
0 0.9675 0.461165 0.07 0.184466
0 0.92875 0.206311 0.0625 0.150485
0 0.94625 0.06068 0.0525 0.092233
0 0.85125 0.366505 0.0675 0.140777
0 0.97625 0.893204 0.0475 0.213592
