1 0.0225 0.216667 0.035 0.06
1 0.06875 0.188333 0.0475 0.07
1 0.13125 0.18 0.0325 0.053333
1 0.13625 0.236667 0.0225 0.073333
1 0.06375 0.393333 0.0325 0.06
0 0.09375 0.515 0.0575 0.096667
2 0.1475 0.625 0.06 0.103333
1 0.285 0.955 0.085 0.09
1 0.285 0.048333 0.03 0.05
1 0.2975 0.165 0.04 0.07
1 0.34875 0.206667 0.0325 0.073333
1 0.3825 0.22 0.03 0.073333
1 0.26375 0.38 0.0425 0.066667
0 0.33375 0.538333 0.0475 0.09
0 0.41625 0.533333 0.0425 0.086667
1 0.49875 0.208333 0.0325 0.056667
1 0.53375 0.21 0.0275 0.06
0 0.5875 0.261667 0.03 0.096667
1 0.675 0.131667 0.045 0.09
1 0.7575 0.161667 0.035 0.063333
0 0.88625 0.158333 0.0525 0.09
0 0.8725 0.313333 0.05 0.113333
1 0.2875 0.053333 0.035 0.04
