0 0.0875 0.473333 0.045 0.128889
0 0.285 0.442222 0.04 0.102222
0 0.335 0.502222 0.06 0.097778
0 0.39875 0.371111 0.0425 0.093333
1 0.4475 0.391111 0.055 0.106667
0 0.50875 0.504444 0.0775 0.155556
1 0.5025 0.304444 0.045 0.084444
1 0.5825 0.286667 0.05 0.102222
1 0.70375 0.344444 0.0475 0.093333
0 0.67375 0.462222 0.0475 0.097778
0 0.745 0.442222 0.05 0.12
0 0.8925 0.36 0.045 0.088889
2 0.79125 0.486667 0.0675 0.12
1 0.95875 0.393333 0.0625 0.102222
1 0.185 0.362222 0.03 0.057778
1 0.8175 0.342222 0.03 0.062222
0 0.93125 0.324444 0.0275 0.053333
