1 0.15125 0.844444 0.1175 0.213333
1 0.06625 0.591111 0.1025 0.142222
0 0.04625 0.391111 0.0825 0.097778
0 0.1425 0.373333 0.09 0.168889
0 0.21 0.348889 0.04 0.084444
1 0.27625 0.415556 0.0925 0.173333
0 0.34625 0.682222 0.1125 0.191111
0 0.445 0.651111 0.085 0.146667
0 0.58875 0.642222 0.1325 0.226667
0 0.49875 0.446667 0.0425 0.146667
1 0.36 0.364444 0.065 0.133333
2 0.455 0.315556 0.07 0.124444
1 0.58375 0.284444 0.0625 0.115556
1 0.2125 0.186667 0.055 0.097778
0 0.175 0.206667 0.035 0.084444
0 0.12375 0.14 0.0425 0.075556
0 0.03125 0.211111 0.0575 0.12
2 0.075 0.202222 0.035 0.075556
0 0.19625 0.046667 0.0275 0.048889
0 0.24625 0.122222 0.0225 0.048889
0 0.265 0.193333 0.045 0.084444
0 0.4125 0.322222 0.04 0.102222
0 0.38125 0.217778 0.0375 0.062222
0 0.33625 0.166667 0.0375 0.057778
0 0.37875 0.157778 0.0425 0.057778
0 0.335 0.057778 0.025 0.053333
0 0.29375 0.064444 0.0125 0.04
0 0.39625 0.082222 0.0225 0.048889
0 0.4125 0.117778 0.03 0.048889
1 0.48125 0.126667 0.0375 0.075556
0 0.51375 0.211111 0.0425 0.093333
0 0.50625 0.282222 0.0425 0.084444
0 0.51875 0.053333 0.0125 0.053333
0 0.58 0.062222 0.02 0.044444
0 0.63875 0.044444 0.0275 0.053333
2 0.6575 0.171111 0.045 0.075556
1 0.6275 0.273333 0.025 0.093333
0 0.68125 0.38 0.0625 0.102222
0 0.68875 0.182222 0.0275 0.071111
1 0.7 0.062222 0.02 0.044444
0 0.68375 0.526667 0.0275 0.075556
0 0.75 0.58 0.08 0.173333
0 0.81875 0.777778 0.1225 0.248889
0 0.85 0.284444 0.06 0.115556
1 0.9575 0.322222 0.025 0.102222
0 0.8975 0.264444 0.035 0.102222
0 0.74125 0.362222 0.0525 0.075556
0 0.79875 0.215556 0.0475 0.084444
0 0.7825 0.115556 0.045 0.088889
2 0.83 0.091111 0.03 0.084444
0 0.915 0.131111 0.02 0.057778
