1 0.06125 0.485019 0.0925 0.138577
1 0.08875 0.123596 0.0675 0.097378
0 0.1475 0.09176 0.055 0.093633
0 0.31125 0.046816 0.0575 0.086142
1 0.23 0.117978 0.07 0.108614
1 0.265 0.284644 0.045 0.074906
1 0.2175 0.479401 0.085 0.127341
1 0.15875 0.642322 0.1075 0.108614
0 0.2125 0.878277 0.13 0.220974
1 0.36 0.661049 0.14 0.161049
1 0.32625 0.38015 0.0925 0.123596
1 0.34625 0.138577 0.0725 0.074906
1 0.44 0.153558 0.065 0.089888
0 0.50125 0.116105 0.0725 0.097378
0 0.49 0.35206 0.09 0.127341
1 0.57125 0.264045 0.0625 0.101124
1 0.63125 0.114232 0.0775 0.116105
1 0.73625 0.110487 0.0675 0.078652
1 0.74625 0.269663 0.0625 0.089888
0 0.6825 0.428839 0.1 0.153558
1 0.63625 0.666667 0.0925 0.127341
0 0.755 0.797753 0.1 0.142322
0 0.83 0.5 0.09 0.138577
1 0.8675 0.14794 0.06 0.093633
1 0.9775 0.089888 0.05 0.074906
0 0.92625 0.318352 0.0725 0.097378
