1 0.1325 0.910204 0.045 0.065306
1 0.03 0.677551 0.04 0.065306
1 0.15125 0.685714 0.0375 0.065306
1 0.045 0.57551 0.035 0.057143
1 0.16625 0.534694 0.0425 0.065306
1 0.05875 0.438776 0.0375 0.061224
1 0.165 0.440816 0.035 0.040816
1 0.20375 0.387755 0.0325 0.04898
1 0.06625 0.291837 0.0325 0.053061
1 0.09875 0.242857 0.0275 0.036735
1 0.2125 0.261224 0.035 0.057143
1 0.12 0.118367 0.03 0.04898
1 0.21 0.134694 0.035 0.057143
1 0.22875 0.067347 0.0325 0.044898
1 0.39625 0.126531 0.0175 0.040816
0 0.4725 0.112245 0.02 0.044898
0 0.51875 0.097959 0.0225 0.040816
1 0.455 0.144898 0.03 0.044898
1 0.45875 0.202041 0.0275 0.044898
0 0.43875 0.302041 0.0275 0.040816
1 0.475 0.353061 0.02 0.044898
1 0.45375 0.404082 0.0225 0.04898
1 0.4575 0.491837 0.03 0.053061
1 0.43375 0.583673 0.0375 0.057143
1 0.46875 0.659184 0.0325 0.044898
1 0.4775 0.840816 0.035 0.040816
1 0.49375 0.932653 0.0425 0.069388
1 0.4625 0.916327 0.015 0.044898
0 0.52375 0.444898 0.0325 0.04898
1 0.555 0.487755 0.035 0.061224
1 0.5625 0.393878 0.035 0.053061
1 0.535 0.387755 0.025 0.04898
1 0.52625 0.210204 0.0175 0.036735
1 0.5475 0.232653 0.03 0.04898
1 0.5825 0.112245 0.025 0.044898
1 0.59 0.253061 0.03 0.04898
1 0.6375 0.242857 0.025 0.036735
1 0.63875 0.35102 0.0325 0.04898
1 0.6175 0.526531 0.03 0.040816
1 0.56375 0.673469 0.0275 0.057143
1 0.6 0.722449 0.035 0.057143
1 0.64375 0.718367 0.0325 0.057143
1 0.65 0.55102 0.035 0.057143
1 0.64 0.942857 0.03 0.057143
1 0.61875 0.155102 0.0275 0.040816
1 0.65875 0.126531 0.0175 0.040816
1 0.64875 0.073469 0.0225 0.032653
1 0.71625 0.1 0.0225 0.036735
1 0.69 0.132653 0.025 0.028571
1 0.72 0.177551 0.03 0.036735
1 0.7075 0.277551 0.035 0.040816
1 0.73125 0.255102 0.0125 0.044898
1 0.70125 0.37551 0.0325 0.040816
1 0.73125 0.422449 0.0325 0.053061
1 0.75625 0.430612 0.0175 0.044898
1 0.74375 0.532653 0.0325 0.053061
1 0.73625 0.671429 0.0375 0.044898
1 0.77 0.806122 0.035 0.053061
1 0.78625 0.877551 0.0225 0.032653
1 0.8025 0.969388 0.035 0.053061
1 0.76125 0.104082 0.0175 0.028571
