0 0.4 0.255556 0.07 0.128889
0 0.54125 0.397778 0.0575 0.111111
0 0.29125 0.891111 0.1325 0.217778
0 0.53875 0.935556 0.1225 0.128889
0 0.84125 0.204444 0.0575 0.106667
0 0.6475 0.157778 0.065 0.102222
0 0.7275 0.162222 0.06 0.128889
0 0.515 0.255556 0.065 0.128889
0 0.53 0.051111 0.025 0.075556
0 0.41 0.091111 0.045 0.084444
0 0.2725 0.035556 0.03 0.062222
0 0.16 0.091111 0.045 0.075556
0 0.0525 0.126667 0.05 0.066667
0 0.2075 0.057778 0.03 0.062222
0 0.79 0.044444 0.04 0.08
1 0.23125 0.124444 0.0375 0.08
