0 0.08625 0.271429 0.0425 0.085714
0 0.1675 0.318367 0.05 0.073469
0 0.30125 0.236735 0.0275 0.057143
0 0.35625 0.297959 0.0475 0.097959
0 0.3725 0.238776 0.03 0.061224
0 0.4075 0.279592 0.04 0.077551
0 0.455 0.477551 0.05 0.081633
0 0.435 0.257143 0.015 0.057143
0 0.47875 0.27551 0.0275 0.061224
0 0.5275 0.271429 0.03 0.069388
0 0.56125 0.277551 0.0425 0.081633
0 0.61375 0.306122 0.0375 0.065306
0 0.65125 0.332653 0.0375 0.077551
0 0.71375 0.355102 0.0525 0.081633
0 0.72125 0.218367 0.0225 0.053061
0 0.77 0.259184 0.035 0.069388
1 0.8075 0.259184 0.035 0.061224
0 0.84 0.25102 0.02 0.044898
0 0.8825 0.240816 0.04 0.065306
0 0.93875 0.259184 0.0475 0.077551
