0 0.075 0.071161 0.025 0.044944
0 0.15 0.05618 0.025 0.037453
0 0.3125 0.088015 0.025 0.05618
0 0.43125 0.033708 0.0275 0.044944
0 0.06875 0.205993 0.0325 0.052434
0 0.14875 0.172285 0.0325 0.044944
0 0.2825 0.164794 0.03 0.052434
0 0.305 0.23221 0.03 0.044944
0 0.24375 0.310861 0.0325 0.044944
0 0.08125 0.29588 0.0375 0.052434
0 0.0375 0.365169 0.035 0.05618
0 0.1075 0.41573 0.035 0.044944
0 0.105 0.486891 0.03 0.059925
0 0.16625 0.518727 0.0325 0.05618
0 0.175 0.601124 0.045 0.06367
0 0.1275 0.801498 0.045 0.059925
0 0.1525 0.926966 0.045 0.071161
0 0.255 0.874532 0.045 0.05618
0 0.33 0.505618 0.04 0.052434
0 0.35 0.361423 0.03 0.048689
0 0.38 0.822097 0.045 0.071161
0 0.44375 0.565543 0.0375 0.067416
0 0.50375 0.102996 0.0275 0.033708
0 0.5275 0.161049 0.03 0.044944
0 0.59125 0.116105 0.0275 0.044944
0 0.565 0.205993 0.03 0.044944
0 0.66125 0.194757 0.0325 0.044944
0 0.635 0.254682 0.035 0.059925
0 0.6 0.406367 0.035 0.05618
0 0.5525 0.496255 0.035 0.06367
0 0.71875 0.79588 0.0425 0.071161
0 0.7725 0.38015 0.035 0.06367
0 0.80125 0.550562 0.0375 0.059925
0 0.79 0.048689 0.03 0.037453
0 0.81625 0.029963 0.0225 0.044944
1 0.9275 0.065543 0.025 0.048689
0 0.84125 0.11985 0.0325 0.037453
0 0.95875 0.353933 0.0375 0.041199
0 0.9 0.496255 0.035 0.05618
0 0.92375 0.689139 0.0325 0.059925
0 0.955 0.741573 0.05 0.052434
