1 0.1375 0.442478 0.065 0.106195
1 0.14375 0.303097 0.0575 0.084071
0 0.2175 0.283186 0.05 0.070796
1 0.27625 0.345133 0.0475 0.079646
0 0.3075 0.267699 0.045 0.084071
1 0.23625 0.199115 0.0525 0.097345
0 0.13 0.626106 0.05 0.146018
1 0.195 0.683628 0.075 0.146018
1 0.265 0.794248 0.075 0.154867
0 0.37125 0.871681 0.0975 0.185841
0 0.3725 0.515487 0.065 0.128319
0 0.37125 0.349558 0.0625 0.088496
1 0.36875 0.179204 0.0375 0.066372
0 0.46375 0.190265 0.0425 0.097345
0 0.445 0.245575 0.03 0.084071
0 0.51125 0.188053 0.0425 0.084071
1 0.5725 0.137168 0.04 0.079646
1 0.62125 0.210177 0.0625 0.110619
0 0.465 0.451327 0.055 0.106195
0 0.4575 0.626106 0.065 0.10177
0 0.56375 0.511062 0.0625 0.128319
1 0.48375 0.800885 0.0425 0.106195
1 0.43375 0.838496 0.0425 0.154867
0 0.6175 0.904867 0.09 0.163717
0 0.645 0.561947 0.07 0.123894
0 0.70375 0.787611 0.0525 0.150442
0 0.68 0.409292 0.05 0.09292
0 0.75875 0.528761 0.0575 0.110619
1 0.68 0.123894 0.05 0.088496
1 0.6775 0.243363 0.04 0.061947
1 0.7275 0.152655 0.045 0.075221
0 0.82 0.119469 0.035 0.079646
1 0.7625 0.256637 0.045 0.079646
0 0.84 0.50885 0.07 0.079646
1 0.8925 0.743363 0.08 0.123894
