0 0.085 0.235955 0.045 0.067416
0 0.18875 0.117978 0.0325 0.048689
0 0.25625 0.284644 0.0425 0.059925
0 0.37125 0.089888 0.0325 0.044944
0 0.415 0.14794 0.04 0.06367
0 0.51875 0.357678 0.0525 0.086142
0 0.45625 0.08427 0.0375 0.05618
0 0.52 0.093633 0.035 0.052434
0 0.62 0.26779 0.045 0.071161
0 0.6075 0.209738 0.035 0.052434
1 0.4225 0.078652 0.025 0.029963
1 0.59375 0.102996 0.0225 0.041199
0 0.6 0.043071 0.025 0.033708
0 0.66625 0.136704 0.0325 0.041199
1 0.63 0.026217 0.025 0.037453
2 0.6975 0.078652 0.025 0.044944
0 0.75 0.058052 0.03 0.048689
0 0.76875 0.061798 0.0125 0.033708
1 0.7275 0.054307 0.02 0.033708
1 0.8825 0.059925 0.03 0.037453
0 0.955 0.101124 0.03 0.044944
