0 0.7925 0.728464 0.1 0.153558
1 0.83625 0.526217 0.0775 0.116105
1 0.44875 0.559925 0.0775 0.116105
0 0.52375 0.698502 0.1025 0.146067
0 0.96 0.548689 0.06 0.086142
0 0.18875 0.631086 0.0825 0.153558
0 0.0775 0.509363 0.055 0.089888
0 0.2675 0.586142 0.045 0.101124
0 0.35375 0.533708 0.0525 0.078652
0 0.39375 0.492509 0.0575 0.108614
0 0.52 0.488764 0.06 0.093633
0 0.57 0.488764 0.04 0.071161
0 0.615 0.395131 0.03 0.05618
0 0.72875 0.359551 0.0425 0.052434
1 0.3 0.494382 0.04 0.074906
0 0.1225 0.413858 0.035 0.05618
0 0.375 0.389513 0.045 0.067416
1 0.47375 0.340824 0.0325 0.052434
0 0.5175 0.318352 0.015 0.037453
0 0.64375 0.312734 0.0175 0.033708
0 0.42625 0.337079 0.0225 0.037453
0 0.255 0.299625 0.02 0.029963
0 0.6875 0.372659 0.035 0.048689
0 0.58 0.428839 0.03 0.05618
0 0.91625 0.316479 0.0225 0.041199
0 0.96125 0.307116 0.0225 0.044944
0 0.78375 0.350187 0.0175 0.033708
0 0.94 0.303371 0.02 0.037453
