1 0.045 0.722846 0.02 0.059925
0 0.09875 0.73221 0.0425 0.071161
0 0.17625 0.700375 0.0175 0.044944
0 0.2625 0.756554 0.04 0.059925
1 0.3275 0.569288 0.025 0.044944
0 0.355 0.586142 0.035 0.048689
2 0.3975 0.599251 0.03 0.037453
1 0.37125 0.666667 0.0325 0.052434
0 0.32375 0.702247 0.0375 0.048689
0 0.41625 0.677903 0.0375 0.059925
0 0.4575 0.627341 0.035 0.06367
0 0.55 0.595506 0.03 0.044944
0 0.505 0.702247 0.04 0.06367
0 0.52875 0.775281 0.0425 0.074906
0 0.60125 0.58427 0.0375 0.059925
1 0.57625 0.964419 0.0475 0.071161
0 0.56875 0.486891 0.0275 0.037453
0 0.51375 0.451311 0.0225 0.041199
0 0.6175 0.492509 0.025 0.041199
0 0.73 0.41573 0.025 0.037453
0 0.78875 0.426966 0.0175 0.029963
0 0.9075 0.503745 0.025 0.033708
