0 0.01875 0.52 0.0225 0.044444
0 0.0775 0.808889 0.02 0.035556
0 0.075 0.497778 0.025 0.044444
0 0.14 0.506667 0.025 0.053333
1 0.12 0.633333 0.025 0.048889
1 0.1675 0.715556 0.02 0.044444
0 0.135 0.377778 0.025 0.044444
0 0.18625 0.386667 0.0125 0.044444
1 0.14875 0.273333 0.0225 0.04
0 0.09375 0.157778 0.0175 0.04
0 0.275 0.691111 0.03 0.057778
0 0.34125 0.9 0.0325 0.057778
0 0.305 0.626667 0.025 0.053333
1 0.3 0.486667 0.02 0.04
0 0.2775 0.417778 0.02 0.044444
0 0.375 0.493333 0.02 0.044444
0 0.395 0.702222 0.03 0.053333
0 0.43125 0.817778 0.0275 0.062222
0 0.4 0.804444 0.03 0.062222
0 0.48375 0.92 0.0175 0.044444
0 0.49375 0.66 0.0275 0.057778
0 0.47625 0.608889 0.0325 0.035556
0 0.45375 0.457778 0.0275 0.044444
0 0.36125 0.377778 0.0275 0.044444
0 0.23375 0.264444 0.0225 0.031111
1 0.2225 0.224444 0.02 0.04
1 0.28 0.275556 0.025 0.044444
1 0.315 0.248889 0.02 0.035556
0 0.38375 0.277778 0.0225 0.04
0 0.3625 0.211111 0.025 0.04
0 0.27875 0.084444 0.0175 0.035556
0 0.315 0.053333 0.015 0.035556
0 0.34125 0.168889 0.0175 0.035556
0 0.4175 0.162222 0.02 0.031111
0 0.25625 0.208889 0.0175 0.035556
0 0.44 0.38 0.025 0.04
0 0.47625 0.322222 0.0225 0.048889
0 0.50875 0.368889 0.0225 0.044444
0 0.52 0.486667 0.02 0.04
0 0.63375 0.882222 0.0325 0.057778
0 0.6775 0.971111 0.035 0.057778
0 0.625 0.575556 0.025 0.04
0 0.6325 0.408889 0.025 0.035556
0 0.56375 0.386667 0.0225 0.044444
0 0.5825 0.351111 0.02 0.035556
0 0.58875 0.284444 0.0175 0.035556
0 0.5325 0.208889 0.02 0.035556
0 0.3325 0.02 0.015 0.031111
1 0.42125 0.051111 0.0125 0.031111
0 0.4525 0.035556 0.02 0.035556
0 0.52125 0.08 0.0175 0.035556
0 0.565 0.033333 0.015 0.031111
0 0.65375 0.142222 0.0175 0.035556
1 0.67625 0.115556 0.0175 0.026667
0 0.665 0.286667 0.02 0.031111
0 0.7025 0.397778 0.02 0.04
0 0.7325 0.617778 0.03 0.053333
0 0.72875 0.448889 0.0225 0.044444
0 0.7525 0.497778 0.025 0.044444
0 0.76625 0.422222 0.0225 0.044444
0 0.76125 0.591111 0.0225 0.044444
0 0.71 0.077778 0.015 0.031111
0 0.67125 0.02 0.0175 0.031111
0 0.73625 0.02 0.0125 0.031111
0 0.77125 0.037778 0.0125 0.031111
1 0.7725 0.082222 0.015 0.031111
1 0.745 0.162222 0.015 0.031111
0 0.8125 0.211111 0.02 0.04
0 0.86625 0.117778 0.0175 0.031111
1 0.8775 0.017778 0.015 0.026667
0 0.91125 0.113333 0.0175 0.031111
0 0.8975 0.186667 0.02 0.035556
0 0.89125 0.264444 0.0225 0.04
0 0.85875 0.295556 0.0175 0.04
0 0.9125 0.313333 0.02 0.04
0 0.95375 0.253333 0.0125 0.026667
0 0.925 0.382222 0.025 0.044444
0 0.9575 0.46 0.025 0.04
0 0.97 0.311111 0.02 0.044444
0 0.86 0.08 0.015 0.026667
0 0.99 0.68 0.02 0.053333
0 0.98875 0.588889 0.0225 0.048889
0 0.94125 0.515556 0.0225 0.035556
