2 0.125 0.535581 0.135 0.217228
0 0.43375 0.689139 0.1325 0.202247
0 0.53875 0.79588 0.0725 0.161049
0 0.67 0.822097 0.125 0.205993
0 0.81875 0.7603 0.0925 0.157303
0 0.65625 0.464419 0.0675 0.11985
0 0.7225 0.425094 0.07 0.108614
0 0.51125 0.38015 0.0475 0.086142
0 0.56375 0.327715 0.0575 0.086142
0 0.59875 0.219101 0.0375 0.06367
0 0.68375 0.198502 0.0375 0.059925
0 0.53625 0.205993 0.0375 0.059925
0 0.5825 0.157303 0.03 0.044944
0 0.65 0.146067 0.035 0.044944
0 0.7425 0.134831 0.035 0.037453
0 0.9175 0.134831 0.025 0.029963
