0 0.18875 0.297445 0.0525 0.076642
0 0.40375 0.270073 0.0675 0.10219
0 0.57375 0.266423 0.0575 0.087591
1 0.7525 0.266423 0.055 0.072993
1 0.95125 0.290146 0.0525 0.069343
1 0.96625 0.087591 0.0325 0.043796
1 0.63625 0.041971 0.0175 0.040146
1 0.57375 0.054745 0.0125 0.029197
1 0.81875 0.125912 0.0125 0.025547
1 0.745 0.124088 0.015 0.021898
1 0.7075 0.116788 0.015 0.021898
0 0.43875 0.10219 0.0175 0.029197
1 0.37 0.120438 0.015 0.021898
1 0.215 0.100365 0.015 0.025547
1 0.15375 0.104015 0.0175 0.032847
1 0.07 0.096715 0.015 0.032847
1 0.015 0.093066 0.02 0.025547
