0 0.09125 0.83 0.0625 0.086667
0 0.22125 0.83 0.0575 0.086667
0 0.3325 0.858333 0.055 0.083333
0 0.50625 0.903333 0.0675 0.086667
0 0.79625 0.77 0.0625 0.073333
0 0.955 0.838333 0.055 0.05
0 0.66625 0.661667 0.0575 0.076667
0 0.85125 0.51 0.0475 0.06
0 0.98125 0.571667 0.0325 0.063333
0 0.72125 0.506667 0.0375 0.053333
0 0.545 0.681667 0.055 0.07
0 0.41 0.648333 0.055 0.07
0 0.2275 0.591667 0.03 0.076667
0 0.19 0.576667 0.055 0.08
0 0.1225 0.573333 0.05 0.073333
0 0.015 0.546667 0.025 0.073333
0 0.0225 0.395 0.04 0.043333
0 0.1325 0.393333 0.045 0.06
0 0.265 0.431667 0.04 0.056667
0 0.345 0.423333 0.045 0.06
0 0.47125 0.483333 0.0525 0.06
0 0.5725 0.496667 0.05 0.06
0 0.96625 0.356667 0.0425 0.06
0 0.81625 0.32 0.0275 0.06
0 0.725 0.308333 0.04 0.063333
0 0.6525 0.306667 0.045 0.046667
0 0.54 0.253333 0.04 0.06
0 0.485 0.26 0.035 0.06
0 0.375 0.216667 0.035 0.06
0 0.29375 0.233333 0.0325 0.053333
0 0.18125 0.206667 0.0325 0.053333
0 0.0875 0.205 0.04 0.063333
0 0.02125 0.195 0.0375 0.056667
0 0.02 0.1 0.03 0.046667
0 0.11875 0.106667 0.0225 0.046667
0 0.20875 0.143333 0.0325 0.053333
0 0.335 0.148333 0.03 0.056667
0 0.48625 0.121667 0.0275 0.056667
0 0.575 0.153333 0.035 0.06
0 0.6975 0.183333 0.035 0.06
0 0.79 0.161667 0.04 0.063333
0 0.9025 0.195 0.035 0.056667
0 0.9875 0.213333 0.025 0.06
0 0.8175 0.063333 0.03 0.046667
0 0.7425 0.071667 0.035 0.05
0 0.64375 0.065 0.0325 0.056667
0 0.6 0.023333 0.025 0.04
0 0.51625 0.06 0.0325 0.046667
0 0.44875 0.063333 0.0325 0.04
0 0.38125 0.05 0.0325 0.046667
0 0.29375 0.033333 0.0375 0.046667
0 0.1775 0.055 0.025 0.036667
0 0.1125 0.026667 0.025 0.046667
