0 0.67 0.659247 0.12 0.188356
0 0.80375 0.559932 0.1325 0.195205
0 0.9425 0.455479 0.06 0.10274
0 0.82875 0.258562 0.0675 0.085616
0 0.93125 0.222603 0.0325 0.068493
0 0.6875 0.364726 0.08 0.113014
0 0.6325 0.19863 0.045 0.075342
0 0.56375 0.452055 0.0725 0.109589
0 0.36875 0.457192 0.0725 0.119863
0 0.51 0.364726 0.06 0.078767
0 0.2525 0.421233 0.06 0.075342
0 0.11875 0.527397 0.0725 0.116438
0 0.0525 0.381849 0.055 0.078767
0 0.24125 0.224315 0.0575 0.071918
0 0.35875 0.171233 0.0525 0.075342
0 0.48 0.219178 0.03 0.054795
0 0.53375 0.256849 0.0325 0.061644
0 0.14375 0.174658 0.0575 0.075342
