0 0.0975 0.752212 0.17 0.318584
0 0.26375 0.617257 0.1025 0.190265
1 0.3025 0.380531 0.065 0.106195
0 0.4125 0.515487 0.085 0.146018
1 0.4775 0.356195 0.035 0.119469
0 0.54875 0.424779 0.1075 0.212389
0 0.645 0.422566 0.085 0.181416
1 0.675 0.139381 0.045 0.084071
0 0.86625 0.214602 0.0475 0.075221
0 0.92 0.183628 0.055 0.10177
0 0.74125 0.316372 0.0475 0.084071
0 0.78375 0.420354 0.0725 0.141593
0 0.96125 0.440265 0.0675 0.137168
0 0.755 0.911504 0.135 0.168142
0 0.44375 0.103982 0.0325 0.057522
1 0.5975 0.137168 0.03 0.070796
1 0.77875 0.050885 0.0325 0.048673
