0 0.12125 0.614232 0.0725 0.082397
0 0.2475 0.56367 0.06 0.078652
0 0.31375 0.535581 0.0475 0.074906
0 0.3825 0.825843 0.075 0.101124
0 0.475 0.473783 0.065 0.086142
0 0.77 0.464419 0.08 0.104869
0 0.935 0.535581 0.04 0.074906
0 0.53125 0.393258 0.0375 0.074906
0 0.625 0.357678 0.025 0.06367
0 0.5625 0.264045 0.035 0.05618
0 0.46375 0.23221 0.0275 0.044944
0 0.1625 0.445693 0.035 0.067416
2 0.27125 0.370787 0.0375 0.044944
0 0.15 0.365169 0.025 0.041199
0 0.35625 0.421348 0.0425 0.05618
0 0.31375 0.262172 0.0225 0.044944
0 0.1525 0.254682 0.025 0.044944
0 0.21 0.322097 0.025 0.037453
0 0.09625 0.344569 0.0225 0.037453
0 0.0775 0.284644 0.02 0.029963
0 0.225 0.217228 0.02 0.029963
