0 0.04375 0.951327 0.0725 0.088496
0 0.1225 0.853982 0.07 0.132743
2 0.1675 0.767699 0.055 0.119469
1 0.095 0.480088 0.05 0.09292
0 0.265 0.502212 0.05 0.110619
0 0.26125 0.223451 0.0575 0.09292
0 0.085 0.327434 0.045 0.106195
0 0.02375 0.283186 0.0325 0.088496
0 0.56375 0.904867 0.0725 0.128319
0 0.52 0.809735 0.065 0.097345
0 0.5 0.415929 0.06 0.106195
0 0.48375 0.223451 0.0625 0.09292
0 0.48875 0.068584 0.0575 0.075221
0 0.6625 0.223451 0.055 0.110619
0 0.6425 0.488938 0.055 0.10177
0 0.75 0.221239 0.06 0.115044
0 0.82375 0.141593 0.0575 0.088496
0 0.89625 0.320796 0.0675 0.10177
0 0.935 0.683628 0.065 0.10177
