0 0.085 0.265306 0.045 0.089796
0 0.1675 0.316327 0.045 0.085714
0 0.355 0.3 0.05 0.093878
0 0.3025 0.236735 0.03 0.057143
0 0.37125 0.234694 0.0275 0.044898
0 0.4075 0.281633 0.045 0.065306
0 0.43375 0.253061 0.0175 0.057143
0 0.45625 0.47551 0.0475 0.085714
0 0.48 0.273469 0.03 0.057143
0 0.5275 0.269388 0.03 0.065306
0 0.56125 0.279592 0.0425 0.077551
0 0.615 0.306122 0.04 0.073469
0 0.65375 0.334694 0.0475 0.089796
0 0.715 0.355102 0.055 0.097959
0 0.72 0.214286 0.03 0.069388
0 0.76875 0.261224 0.0425 0.073469
1 0.81 0.261224 0.04 0.057143
0 0.88375 0.238776 0.0425 0.069388
0 0.93875 0.257143 0.0475 0.081633
0 0.84125 0.255102 0.0225 0.044898
