0 0.08375 0.223451 0.0525 0.09292
0 0.16875 0.280973 0.0425 0.084071
0 0.3 0.185841 0.03 0.061947
0 0.3525 0.261062 0.055 0.106195
0 0.3675 0.185841 0.035 0.061947
0 0.4075 0.236726 0.04 0.084071
0 0.45 0.471239 0.055 0.09292
0 0.4775 0.230088 0.03 0.061947
0 0.53 0.223451 0.03 0.075221
0 0.56375 0.234513 0.0425 0.088496
0 0.61375 0.265487 0.0375 0.070796
0 0.65375 0.30531 0.0475 0.088496
0 0.7125 0.323009 0.055 0.097345
0 0.765 0.212389 0.04 0.079646
1 0.80875 0.214602 0.0375 0.057522
0 0.88375 0.190265 0.0425 0.088496
0 0.94125 0.214602 0.0425 0.09292
0 0.84125 0.212389 0.0225 0.053097
