0 0.13 0.05036 0.015 0.021583
0 0.09 0.201439 0.02 0.028777
1 0.14125 0.291367 0.0225 0.035971
0 0.13125 0.372302 0.0275 0.039568
0 0.17875 0.379496 0.0175 0.039568
0 0.0175 0.483813 0.025 0.039568
0 0.0725 0.465827 0.025 0.032374
0 0.1325 0.476619 0.03 0.039568
1 0.11375 0.573741 0.0275 0.039568
0 0.07625 0.706835 0.0275 0.032374
1 0.16125 0.634892 0.0225 0.039568
0 0.36375 0.019784 0.0175 0.02518
0 0.35375 0.059353 0.0225 0.032374
0 0.3175 0.095324 0.015 0.02518
0 0.3025 0.122302 0.015 0.028777
0 0.2675 0.151079 0.02 0.028777
0 0.24625 0.241007 0.0175 0.021583
1 0.21375 0.251799 0.0175 0.021583
0 0.22375 0.285971 0.0175 0.02518
1 0.2675 0.291367 0.02 0.028777
0 0.265 0.404676 0.02 0.032374
1 0.28625 0.453237 0.0175 0.028777
2 0.29125 0.564748 0.0275 0.043165
0 0.2625 0.615108 0.03 0.043165
0 0.32625 0.780576 0.0325 0.05036
0 0.24625 0.951439 0.0375 0.053957
0 0.455 0.019784 0.01 0.017986
0 0.42 0.059353 0.015 0.02518
0 0.39375 0.071942 0.0175 0.021583
1 0.40375 0.120504 0.0125 0.02518
0 0.4325 0.109712 0.02 0.032374
0 0.32625 0.210432 0.0175 0.02518
0 0.39875 0.208633 0.0175 0.028777
1 0.3475 0.242806 0.02 0.032374
1 0.30125 0.273381 0.0175 0.028777
0 0.36875 0.296763 0.0225 0.032374
0 0.34375 0.372302 0.0225 0.02518
0 0.455 0.329137 0.02 0.032374
0 0.4225 0.374101 0.025 0.028777
0 0.3575 0.464029 0.02 0.035971
0 0.43375 0.435252 0.0225 0.035971
0 0.3775 0.625899 0.025 0.043165
0 0.3825 0.701439 0.025 0.043165
0 0.41125 0.714029 0.0275 0.046763
0 0.41375 0.940647 0.0375 0.053957
0 0.46375 0.794964 0.0175 0.035971
0 0.47125 0.591727 0.0275 0.039568
0 0.45625 0.55036 0.0275 0.028777
0 0.47875 0.071942 0.0125 0.021583
0 0.54625 0.035971 0.0125 0.021583
0 0.51125 0.080935 0.0125 0.010791
0 0.54125 0.109712 0.0175 0.02518
0 0.575 0.066547 0.015 0.02518
0 0.49875 0.143885 0.0175 0.028777
0 0.535 0.203237 0.01 0.017986
0 0.50875 0.242806 0.0225 0.02518
0 0.5625 0.302158 0.02 0.028777
0 0.4875 0.366906 0.02 0.035971
0 0.5575 0.352518 0.02 0.028777
0 0.53875 0.379496 0.0225 0.039568
0 0.4975 0.458633 0.02 0.032374
0 0.63 0.01259 0.015 0.017986
0 0.6425 0.091727 0.015 0.02518
0 0.66875 0.071942 0.0125 0.021583
0 0.695 0.089928 0.01 0.021583
0 0.705 0.095324 0.015 0.02518
1 0.67875 0.140288 0.0125 0.021583
0 0.7375 0.111511 0.015 0.028777
1 0.74 0.145683 0.015 0.02518
0 0.71125 0.206835 0.0175 0.02518
1 0.64625 0.172662 0.0175 0.021583
2 0.625 0.190647 0.02 0.028777
0 0.6375 0.30036 0.02 0.02518
0 0.60625 0.397482 0.0225 0.032374
0 0.6725 0.388489 0.02 0.028777
0 0.59875 0.526978 0.0275 0.032374
0 0.60625 0.764388 0.0325 0.046763
0 0.55 0.874101 0.035 0.05036
0 0.64875 0.832734 0.0325 0.046763
0 0.76875 0.014388 0.0175 0.021583
0 0.8225 0.079137 0.015 0.028777
1 0.84125 0.093525 0.0125 0.021583
0 0.82375 0.145683 0.0125 0.02518
0 0.82875 0.17446 0.0175 0.02518
0 0.7775 0.242806 0.02 0.032374
0 0.82125 0.309353 0.0175 0.028777
0 0.69875 0.428058 0.0225 0.035971
0 0.73375 0.404676 0.0225 0.032374
0 0.72 0.465827 0.025 0.032374
0 0.72875 0.541367 0.0225 0.039568
0 0.70125 0.557554 0.0275 0.043165
0 0.76 0.919065 0.035 0.053957
0 0.905 0.980216 0.04 0.039568
0 0.96875 0.985612 0.0375 0.028777
0 0.91125 0.809353 0.0325 0.043165
0 0.94375 0.78777 0.0275 0.05036
0 0.94625 0.607914 0.0275 0.043165
0 0.94625 0.53777 0.0275 0.039568
0 0.9975 0.492806 0.01 0.035971
0 0.9 0.480216 0.02 0.017986
0 0.91625 0.438849 0.0225 0.035971
0 0.88375 0.377698 0.0225 0.035971
0 0.9275 0.323741 0.02 0.035971
0 0.87375 0.32554 0.0225 0.032374
0 0.85375 0.285971 0.0175 0.032374
0 0.91125 0.276978 0.0125 0.021583
0 0.8575 0.226619 0.02 0.028777
0 0.8725 0.170863 0.015 0.02518
0 0.96375 0.185252 0.0125 0.02518
0 0.985 0.109712 0.015 0.02518
0 0.8975 0.07554 0.015 0.021583
0 0.87125 0.044964 0.0125 0.02518
0 0.9325 0.055755 0.015 0.017986
1 0.96 0.032374 0.01 0.021583
1 0.99625 0.073741 0.0125 0.017986
